"C:\Users\alex9\OneDrive - McGill University\Documents\PhD\Courses\ECSE 509\Project\PythonCode\venv\Scripts\python.exe" "C:/Users/alex9/OneDrive - McGill University/Documents/PhD/Courses/ECSE 509/Project/PythonCode/main.py"
Initial parameter set # 0
latent variable z [1. 1. 1. 1. 1. 0. 0. 1. 0. 1. 1. 1. 0. 1. 1. 1. 0. 1. 1. 1.]
observed sample y [0.15080982 0.53139416 0.15132354 0.42463518 0.01551725 0.29190298
 0.10849508 0.22584108 0.28218577 0.29066336 0.00570947 0.05730676
 0.65645223 0.29476604 0.09051243 0.16014269 1.41848097 0.72342676
 0.0585217  0.11573235]
l1 [0.5        1.52114921 1.6532455  1.73803693 1.79602745 1.8373668
 1.86773124 1.89056263 1.9080717  1.92174006 1.932593   1.94135748
 1.94855869 1.95458147 1.95971096 1.96416023 1.96808951 1.97161994
 1.97484338 1.97782978 1.98063243 1.98329207 1.98583985 1.98829959
 1.99068954 1.9930237  1.99531277 1.99756497 1.99978657 2.00198239
 2.00415613 2.00631059 2.00844794 2.01056981 2.01267746 2.01477185
 2.01685371 2.01892359 2.0209819  2.02302897 2.02506503 2.02709026
 2.02910481 2.03110877 2.03310222 2.03508522 2.03705781 2.03902004
 2.04097192 2.04291348 2.04484474 2.04676572]
l2 [4.         4.34681903 4.16758958 4.073796   4.01821296 3.98295857
 3.95974424 3.94419036 3.93376036 3.92688279 3.9225334  3.9200181
 3.9188522  3.91868927 3.91927714 3.92042973 3.92200814 3.92390792
 3.92604993 3.92837397 3.93083403 3.93339489 3.93602951 3.93871709
 3.94144163 3.94419081 3.94695514 3.94972731 3.9525017  3.95527396
 3.95804079 3.96079961 3.96354848 3.9662859  3.96901075 3.97172217
 3.97441951 3.9771023  3.9797702  3.98242294 3.98506038 3.98768238
 3.99028889 3.99287989 3.99545536 3.99801533 4.00055984 4.00308894
 4.00560269 4.00810115 4.01058441 4.01305255]
p1 [0.3        0.1699746  0.17193753 0.17345054 0.17480049 0.17606936
 0.17728951 0.17847684 0.17964043 0.18078597 0.1819173  0.18303707
 0.18414718 0.18524902 0.18634361 0.1874317  0.18851386 0.1895905
 0.19066193 0.1917284  0.19279008 0.19384708 0.19489951 0.19594743
 0.19699089 0.19802992 0.19906455 0.20009479 0.20112064 0.20214212
 0.20315922 0.20417194 0.20518027 0.20618423 0.20718379 0.20817897
 0.20916975 0.21015612 0.2111381  0.21211567 0.21308884 0.21405759
 0.21502194 0.21598189 0.21693742 0.21788855 0.21883527 0.21977759
 0.22071552 0.22164905 0.2225782  0.22350296]
l1[0]  0.5
l1[1]  1.5211492104250643
l1[-1] 2.0467657198431883
       1.8132254280997984
l2[0]  4.0
l2[1]  4.3468190255369725
l2[-1] 4.013052545654996
       4.550553101696321
p1[0]  0.3
p1[1]  0.16997459706953924
p1[-1] 0.22350295671422243
       0.25
Initial parameter set # 1
latent variable z [1. 1. 1. 1. 1. 0. 0. 1. 0. 1. 1. 1. 0. 1. 1. 1. 0. 1. 1. 1.]
observed sample y [0.15080982 0.53139416 0.15132354 0.42463518 0.01551725 0.29190298
 0.10849508 0.22584108 0.28218577 0.29066336 0.00570947 0.05730676
 0.65645223 0.29476604 0.09051243 0.16014269 1.41848097 0.72342676
 0.0585217  0.11573235]
l1 [0.01       0.7898183  1.12625835 1.324535   1.44924756 1.53228907
 1.58997447 1.63131311 1.66164708 1.68433179 1.70157206 1.71486845
 1.72527037 1.73352741 1.74018383 1.74563986 1.75019272 1.75406483
 1.75742362 1.76039569 1.76307713 1.76554103 1.76784315 1.77002605
 1.77212228 1.77415672 1.77614843 1.77811197 1.78005849 1.78199649
 1.78393246 1.78587132 1.78781679 1.7897717  1.79173812 1.7937176
 1.79571126 1.79771987 1.79974396 1.80178385 1.80383971 1.80591159
 1.80799944 1.81010311 1.81222242 1.81435713 1.81650696 1.81867159
 1.82085068 1.82304387 1.82525079 1.82747103]
l2 [10.          4.18473989  3.80862446  3.68774061  3.63283138  3.60334444
  3.58612518  3.57571582  3.56945653  3.56589688  3.56417825  3.56375989
  3.56428465  3.56550779  3.56725666  3.56940668  3.57186634  3.57456745
  3.57745863  3.58050081  3.58366405  3.58692525  3.5902665   3.59367383
  3.59713628  3.6006452   3.60419374  3.6077764   3.61138877  3.61502725
  3.61868888  3.62237119  3.62607211  3.62978984  3.63352284  3.63726973
  3.6410293   3.6448004   3.64858201  3.65237316  3.65617292  3.65998042
  3.66379483  3.66761532  3.6714411   3.67527141  3.67910548  3.68294257
  3.68678195  3.69062291  3.69446474  3.69830675]
p1 [0.1        0.062043   0.06417212 0.06515373 0.06612144 0.06710512
 0.06809272 0.06907896 0.07006293 0.07104548 0.072028   0.07301185
 0.07399825 0.07498821 0.07598254 0.07698185 0.07798662 0.07899719
 0.08001383 0.08103669 0.08206588 0.08310147 0.08414345 0.08519183
 0.08624655 0.08730755 0.08837474 0.08944803 0.09052731 0.09161247
 0.09270338 0.09379991 0.09490192 0.09600926 0.0971218  0.09823938
 0.09936185 0.10048904 0.10162082 0.102757   0.10389744 0.10504197
 0.10619042 0.10734263 0.10849843 0.10965765 0.11082013 0.11198569
 0.11315418 0.11432541 0.11549923 0.11667547]
l1[0]  0.01
l1[1]  0.7898183037535644
l1[-1] 1.8274710266149985
       1.8132254280997984
l2[0]  10.0
l2[1]  4.184739886392114
l2[-1] 3.6983067504072964
       4.550553101696321
p1[0]  0.1
p1[1]  0.06204300384199719
p1[-1] 0.11667546678477289
       0.25
Initial parameter set # 2
latent variable z [1. 1. 1. 1. 1. 0. 0. 1. 0. 1. 1. 1. 0. 1. 1. 1. 0. 1. 1. 1.]
observed sample y [0.15080982 0.53139416 0.15132354 0.42463518 0.01551725 0.29190298
 0.10849508 0.22584108 0.28218577 0.29066336 0.00570947 0.05730676
 0.65645223 0.29476604 0.09051243 0.16014269 1.41848097 0.72342676
 0.0585217  0.11573235]
l1 [0.1        2.43848648 2.67069162 2.77017251 2.82674323 2.86340542
 2.88886734 2.90725587 2.92084318 2.93101428 2.93867403 2.94444316
 2.94876289 2.95195561 2.954262   2.95586498 2.95690557 2.95749383
 2.95771652 2.95764261 2.95732729 2.95681501 2.95614174 2.95533667
 2.9544236  2.95342198 2.95234772 2.95121389 2.95003122 2.94880851
 2.94755305 2.9462708  2.94496671 2.94364484 2.94230854 2.9409606
 2.93960328 2.93823849 2.93686779 2.93549246 2.93411356 2.93273199
 2.93134846 2.92996359 2.92857787 2.92719173 2.92580549 2.92441946
 2.92303386 2.9216489  2.92026474 2.91888152]
l2 [50.         15.91630633 11.52852942  9.51193037  8.36466802  7.63991047
  7.15149492  6.80733527  6.55663835  6.36922673  6.2261702   6.11507878
  6.02755595  5.95774225  5.90144504  5.85559927  5.81792254  5.78668823
  5.76057246  5.73854851  5.71981235  5.70372918  5.68979444  5.67760473
  5.66683603  5.65722707  5.64856648  5.64068278  5.63343662  5.6267145
  5.62042387  5.61448916  5.60884863  5.6034518   5.59825735  5.59323147
  5.58834647  5.58357967  5.5789125   5.57432974  5.56981892  5.56536981
  5.56097403  5.55662474  5.55231628  5.54804406  5.54380429  5.53959385
  5.53541021  5.53125127  5.52711531  5.52300092]
p1 [0.6        0.6907248  0.75062398 0.77214883 0.78193821 0.78683288
 0.78933558 0.79054802 0.79101411 0.79102445 0.79074386 0.79027052
 0.78966534 0.78896746 0.78820287 0.7873893  0.78653912 0.78566121
 0.78476202 0.78384635 0.78291781 0.78197917 0.78103256 0.78007967
 0.77912181 0.77816003 0.77719518 0.77622795 0.77525888 0.77428843
 0.77331696 0.77234478 0.77137215 0.77039927 0.76942631 0.76845343
 0.76748073 0.76650834 0.76553632 0.76456477 0.76359374 0.76262329
 0.76165347 0.76068432 0.75971587 0.75874817 0.75778124 0.75681512
 0.75584981 0.75488536 0.75392177 0.75295908]
l1[0]  0.1
l1[1]  2.4384864821364958
l1[-1] 2.918881522274517
       1.8132254280997984
l2[0]  50.0
l2[1]  15.916306331712198
l2[-1] 5.523000920786463
       4.550553101696321
p1[0]  0.6
p1[1]  0.6907248002618296
p1[-1] 0.7529590810229062
       0.25
