"C:\Users\alex9\OneDrive - McGill University\Documents\PhD\Courses\ECSE 509\Project\PythonCode\venv\Scripts\python.exe" "C:/Users/alex9/OneDrive - McGill University/Documents/PhD/Courses/ECSE 509/Project/PythonCode/main.py"
Initial parameter set # 0
latent variable z [1. 1. 1. 1. 1. 1. 0. 0. 1. 0. 1. 1. 1. 1. 1. 1. 0. 1. 1. 1.]
observed sample y [0.63410089 0.17974152 0.71293181 0.3688489  0.93324476 0.4504294
 0.49755298 0.98283416 0.38372142 1.64645815 0.11902371 0.10463851
 0.00261723 0.77614421 1.10686012 0.03336725 0.92115078 0.1462741
 0.06931131 0.33561161]
l1 [0.5        1.13530795 1.38501577 1.55847513 1.67714523 1.7572949
 1.81120717 1.84745206 1.87183265 1.88824453 1.89929929 1.90674927
 1.91177172 1.9151585  1.91744271 1.91898347 1.92002285 1.92072403
 1.92119709 1.92151624 1.92173157 1.92187684 1.92197486 1.92204099
 1.92208561 1.92211572 1.92213603 1.92214973 1.92215898 1.92216522
 1.92216943 1.92217227 1.92217418 1.92217547 1.92217635 1.92217694
 1.92217733 1.9221776  1.92217778 1.9221779  1.92217799 1.92217804
 1.92217808 1.9221781  1.92217812 1.92217813 1.92217814 1.92217815
 1.92217815 1.92217815 1.92217815 1.92217815]
l2 [4.         2.7436492  2.32157259 2.14369525 2.05470199 2.00508593
 1.97547035 1.95701721 1.94520039 1.93749836 1.93241995 1.92904582
 1.92679264 1.9252829  1.92426901 1.92358708 1.92312795 1.92281862
 1.92261011 1.92246952 1.92237471 1.92231075 1.92226761 1.92223851
 1.92221887 1.92220563 1.92219669 1.92219066 1.92218659 1.92218385
 1.922182   1.92218075 1.9221799  1.92217934 1.92217895 1.92217869
 1.92217852 1.9221784  1.92217832 1.92217827 1.92217823 1.92217821
 1.92217819 1.92217818 1.92217817 1.92217817 1.92217816 1.92217816
 1.92217816 1.92217816 1.92217816 1.92217816]
p1 [0.3        0.30167137 0.30727622 0.30689812 0.30625894 0.30588676
 0.30570169 0.30561413 0.3055735  0.30555482 0.30554627 0.30554236
 0.30554058 0.30553977 0.3055394  0.30553923 0.30553915 0.30553911
 0.3055391  0.30553909 0.30553909 0.30553909 0.30553909 0.30553909
 0.30553909 0.30553909 0.30553909 0.30553909 0.30553909 0.30553909
 0.30553909 0.30553909 0.30553909 0.30553909 0.30553909 0.30553909
 0.30553909 0.30553909 0.30553909 0.30553909 0.30553909 0.30553909
 0.30553909 0.30553909 0.30553909 0.30553909 0.30553909 0.30553909
 0.30553909 0.30553909 0.30553909 0.30553909]
l1[0]  0.5
l1[1]  1.135307946908389
l1[-1] 1.9221781536691063
       0.9881432518760278
l2[0]  4.0
l2[1]  2.7436491972501775
l2[-1] 1.9221781569104766
       2.5169632564833613
p1[0]  0.3
p1[1]  0.30167137149960316
p1[-1] 0.3055390856148512
       0.19999999999999996
Initial parameter set # 1
latent variable z [1. 1. 1. 1. 1. 1. 0. 0. 1. 0. 1. 1. 1. 1. 1. 1. 0. 1. 1. 1.]
observed sample y [0.63410089 0.17974152 0.71293181 0.3688489  0.93324476 0.4504294
 0.49755298 0.98283416 0.38372142 1.64645815 0.11902371 0.10463851
 0.00261723 0.77614421 1.10686012 0.03336725 0.92115078 0.1462741
 0.06931131 0.33561161]
l1 [0.01       0.88547278 1.24691333 1.48489332 1.63666251 1.73396012
 1.79718672 1.8387471  1.86629343 1.88465631 1.89694528 1.90519121
 1.91073416 1.91446465 1.91697738 1.91867079 1.91981246 1.92058235
 1.92110161 1.92145188 1.92168817 1.92184757 1.92195512 1.92202767
 1.92207663 1.92210965 1.92213194 1.92214697 1.92215712 1.92216396
 1.92216858 1.92217169 1.9221738  1.92217521 1.92217617 1.92217682
 1.92217725 1.92217755 1.92217774 1.92217788 1.92217797 1.92217803
 1.92217807 1.9221781  1.92217812 1.92217813 1.92217814 1.92217814
 1.92217815 1.92217815 1.92217815 1.92217815]
l2 [10.          2.73578589  2.22982213  2.07504378  2.00910687  1.97516121
  1.95573939  1.94392689  1.93647184  1.93165677  1.92850036  1.92641118
  1.92501956  1.92408866  1.92346419  1.92304449  1.92276206  1.92257184
  1.92244365  1.92235723  1.92229895  1.92225964  1.92223313  1.92221524
  1.92220318  1.92219504  1.92218955  1.92218584  1.92218334  1.92218165
  1.92218052  1.92217975  1.92217923  1.92217888  1.92217865  1.92217849
  1.92217838  1.92217831  1.92217826  1.92217822  1.9221782   1.92217819
  1.92217818  1.92217817  1.92217817  1.92217816  1.92217816  1.92217816
  1.92217816  1.92217816  1.92217816  1.92217816]
p1 [0.1        0.20255894 0.20303823 0.20010074 0.19873178 0.19815416
 0.19790828 0.19780168 0.19775478 0.19773391 0.19772456 0.19772035
 0.19771845 0.19771759 0.1977172  0.19771702 0.19771694 0.1977169
 0.19771688 0.19771688 0.19771687 0.19771687 0.19771687 0.19771687
 0.19771687 0.19771687 0.19771687 0.19771687 0.19771687 0.19771687
 0.19771687 0.19771687 0.19771687 0.19771687 0.19771687 0.19771687
 0.19771687 0.19771687 0.19771687 0.19771687 0.19771687 0.19771687
 0.19771687 0.19771687 0.19771687 0.19771687 0.19771687 0.19771687
 0.19771687 0.19771687 0.19771687 0.19771687]
l1[0]  0.01
l1[1]  0.8854727800628595
l1[-1] 1.9221781534506024
       0.9881432518760278
l2[0]  10.0
l2[1]  2.735785885501221
l2[-1] 1.9221781565287033
       2.5169632564833613
p1[0]  0.1
p1[1]  0.20255894145550116
p1[-1] 0.19771687050831116
       0.19999999999999996
Initial parameter set # 2
latent variable z [1. 1. 1. 1. 1. 1. 0. 0. 1. 0. 1. 1. 1. 1. 1. 1. 0. 1. 1. 1.]
observed sample y [0.63410089 0.17974152 0.71293181 0.3688489  0.93324476 0.4504294
 0.49755298 0.98283416 0.38372142 1.64645815 0.11902371 0.10463851
 0.00261723 0.77614421 1.10686012 0.03336725 0.92115078 0.1462741
 0.06931131 0.33561161]
l1 [0.1        1.55395188 1.66713546 1.71976847 1.7519066  1.77405619
 1.7904043  1.80301161 1.81303488 1.82118491 1.82792793 1.83358508
 1.83838594 1.84249976 1.84605443 1.84914868 1.85185989 1.85424899
 1.856363   1.85823493 1.8598796  1.86128215 1.86237371 1.86299721
 1.86292058 1.86196537 1.85939444 1.8541355  1.85163771 1.85092709
 1.85073148 1.85067813 1.85066362 1.85065968 1.8506586  1.85065831
 1.85065823 1.85065821 1.85065821 1.8506582  1.8506582  1.8506582
 1.8506582  1.8506582  1.8506582  1.8506582  1.8506582  1.8506582
 1.8506582  1.8506582  1.8506582  1.8506582 ]
l2 [ 50.          16.52762557  13.931538    13.16570086  13.02663553
  13.21393354  13.61074783  14.15815707  14.82053228  15.57422127
  16.40396882  17.3021255   18.26883169  19.31268282  20.45208253
  21.71794636  23.15893351  24.85137095  26.91823588  29.56664757
  33.16541383  38.41343392  46.71821689  61.04523893  87.86542873
 143.88178146 274.38134601 378.5592148  381.92474388 381.93622483
 381.93508697 381.93475388 381.93466291 381.93463816 381.93463143
 381.9346296  381.9346291  381.93462897 381.93462893 381.93462892
 381.93462892 381.93462892 381.93462892 381.93462892 381.93462892
 381.93462892 381.93462892 381.93462892 381.93462892 381.93462892
 381.93462892 381.93462892]
p1 [0.6        0.78855217 0.84927964 0.87887593 0.89765312 0.91099045
 0.92106174 0.92895728 0.9353046  0.94050144 0.94481792 0.94844672
 0.95153018 0.95417609 0.95646784 0.95847098 0.9602379  0.96181089
 0.96322393 0.96450302 0.96566408 0.96670605 0.96759537 0.96824233
 0.96850387 0.96826402 0.96711435 0.96442704 0.96312303 0.96275161
 0.96264937 0.96262148 0.9626139  0.96261184 0.96261128 0.96261112
 0.96261108 0.96261107 0.96261107 0.96261107 0.96261107 0.96261107
 0.96261107 0.96261107 0.96261107 0.96261107 0.96261107 0.96261107
 0.96261107 0.96261107 0.96261107 0.96261107]
l1[0]  0.1
l1[1]  1.5539518830554906
l1[-1] 1.850658203398834
       0.9881432518760278
l2[0]  50.0
l2[1]  16.527625570085604
l2[-1] 381.9346289150694
       2.5169632564833613
p1[0]  0.6
p1[1]  0.7885521685752765
p1[-1] 0.962611067828696
       0.19999999999999996
