"C:\Users\alex9\OneDrive - McGill University\Documents\PhD\Courses\ECSE 509\Project\PythonCode\venv\Scripts\python.exe" "C:/Users/alex9/OneDrive - McGill University/Documents/PhD/Courses/ECSE 509/Project/PythonCode/main.py"
Metrics
latent variable z [1. 0. 1. 1. 1. 1. 1. 1. 1. 1. 0. 1. 1. 1. 0. 1. 1. 0. 1. 1.]
observed sample y [0.14521996 0.03976735 0.36243968 0.08234211 0.07608401 0.12744855
 0.6687838  0.23229069 0.32957481 0.01223194 1.23057283 0.03316393
 0.30887241 0.24502534 0.63047101 0.07906314 0.13874104 0.90939445
 0.31001891 0.07416359]
l1 [0.1        1.1550857  1.51889247 1.74182147 1.89059604 1.99660621
 2.0757341  2.13682023 2.1851836  2.22422585 2.25623018 2.28279009
 2.30505391 2.32387161 2.33988665 2.35359566 2.36538837 2.37557502
 2.38440575 2.39208444 2.39877894 2.40462855 2.40974984 2.41424098
 2.41818514 2.42165316 2.42470567 2.42739479 2.42976547 2.43185663
 2.43370205 2.43533115]
l2 [4.         3.65889495 3.51653194 3.46447731 3.43796398 3.42196646
 3.41130484 3.40372749 3.39809762 3.39377821 3.39038381 3.38766705
 3.38546159 3.3836513  3.38215254 3.38090343 3.37985722 3.37897787
 3.37823713 3.37761256 3.37708609 3.37664301 3.37627122 3.37596069
 3.37570304 3.3754912  3.3753192  3.37518195 3.37507509 3.37499487
 3.37493808 3.3749019 ]
p1 [0.2        0.04806798 0.04655678 0.04602848 0.04584336 0.04579539
 0.04581051 0.04585766 0.04592223 0.04599671 0.046077   0.04616077
 0.04624663 0.04633373 0.04642156 0.04650979 0.04659823 0.04668675
 0.04677528 0.04686378 0.04695224 0.04704065 0.04712901 0.04721734
 0.04730565 0.04739395 0.04748226 0.04757059 0.04765895 0.04774737
 0.04783586 0.04792442]
l1[0]  0.1
l1[1]  1.1550856982891091
l1[-1] 2.435331148166566
       1.4233833827862195
l2[0]  4.0
l2[1]  3.65889495441399
l2[-1] 3.37490189634463
       4.96052670861392
p1[0]  0.2
p1[1]  0.0480679798923964
p1[-1] 0.04792441731896564
       0.19999999999999996
