"C:\Users\alex9\OneDrive - McGill University\Documents\PhD\Courses\ECSE 509\Project\PythonCode\venv\Scripts\python.exe" "C:/Users/alex9/OneDrive - McGill University/Documents/PhD/Courses/ECSE 509/Project/PythonCode/main.py"
Metrics
latent variable z [1. 1. 1. 0. 1. 1. 1. 1. 0. 1. 0. 0. 1. 1. 1. 0. 0. 1. 1. 1.]
observed sample y [0.75201727 0.11850664 0.26639069 0.8890791  0.38062024 0.17140325
 0.23699429 0.22895816 0.16934018 0.08812744 0.47161293 2.52357307
 0.07682049 0.01677159 0.44666217 1.09469259 0.36150328 0.22387055
 0.3645379  0.05460315]
l1 [0.1        0.58684146 0.67073307 0.71195208 0.73763867 0.75668596
 0.77236495 0.78597463 0.79808753 0.8089985  0.81888967 0.82789208
 0.83610947 0.8436283  0.85052239 0.85685559 0.86268357 0.86805511
 0.87301313 0.87759559 0.88183613 0.8857647  0.88940804 0.89279011
 0.89593244 0.89885441 0.90157353 0.90410567 0.90646522 0.90866526
 0.91071772 0.91263351]
l2 [4.         3.13778797 3.01748858 2.99691036 3.00153843 3.01314639
 3.0260335  3.0383773  3.04967887 3.05988705 3.0690878  3.07739662
 3.08492396 3.09176635 3.09800583 3.10371175 3.10894297 3.11374974
 3.1181753  3.12225709 3.12602779 3.12951605 3.13274718 3.13574359
 3.13852525 3.14111002 3.14351393 3.14575142 3.14783553 3.14977807
 3.15158978 3.15328042]
p1 [0.2        0.09247421 0.0995277  0.10563639 0.11113948 0.11612444
 0.12065081 0.12477032 0.1285287  0.13196585 0.13511635 0.13801015
 0.14067322 0.14312819 0.14539486 0.14749065 0.14943093 0.15122935
 0.15289807 0.15444795 0.15588875 0.15722924 0.15847733 0.15964022
 0.16072439 0.16173578 0.16267979 0.16356134 0.16438495 0.16515476
 0.16587458 0.16654789]
l1[0]  0.1
l1[1]  0.5868414634941393
l1[-1] 0.9126335137786123
       1.088968518593891
l2[0]  4.0
l2[1]  3.1377879690231776
l2[-1] 3.153280420375777
       4.086059632136972
p1[0]  0.2
p1[1]  0.0924742122218328
p1[-1] 0.16654788900098064
       0.30000000000000004
