"C:\Users\alex9\OneDrive - McGill University\Documents\PhD\Courses\ECSE 509\Project\PythonCode\venv\Scripts\python.exe" "C:/Users/alex9/OneDrive - McGill University/Documents/PhD/Courses/ECSE 509/Project/PythonCode/main.py"
Metrics
latent variable z [1. 1. 1. 0. 1. 1. 1. 1. 1. 1. 0. 1. 0. 0. 1. 1. 0. 1. 1. 1.]
observed sample y [0.11614096 0.08355822 0.13596805 0.10912679 0.36890297 0.43545166
 0.66686128 0.30472021 0.05895709 0.07257697 0.67430156 0.40489849
 0.33574834 1.20780008 0.8100877  0.38421162 2.46644926 0.21374928
 0.43575428 0.38376681]
l1 [0.1        0.60893745 0.72719104 0.7901525  0.82733252 0.850958
 0.86698523 0.87857667 0.88750019 0.89477576 0.90100358 0.90654144
 0.91160462 0.9163238  0.92077908 0.92502029 0.92907904 0.93297603
 0.9367254  0.94033732 0.94381956 0.94717844 0.95041935 0.95354714
 0.95656623 0.95948078 0.96229475 0.96501191 0.96763588 0.97017016
 0.97261811 0.97498294]
l2 [4.         2.80338631 2.61295314 2.54614021 2.51723851 2.50434269
 2.49930003 2.49840996 2.49978435 2.50239027 2.5056396  2.50919079
 2.51284441 2.51648488 2.52004674 2.52349455 2.52681085 2.52998886
 2.53302801 2.53593129 2.53870358 2.54135074 2.54387896 2.54629448
 2.54860337 2.55081145 2.55292423 2.5549469  2.55688432 2.55874104
 2.56052132 2.56222916]
p1 [0.2        0.0985926  0.10150967 0.10391546 0.10621922 0.10845694
 0.11063113 0.11274071 0.11478479 0.11676314 0.11867613 0.1205247
 0.12231014 0.12403404 0.12569817 0.12730442 0.12885471 0.13035102
 0.13179528 0.13318941 0.13453529 0.13583473 0.1370895  0.13830129
 0.13947175 0.14060245 0.14169492 0.14275059 0.14377087 0.1447571
 0.14571055 0.14663246]
l1[0]  0.1
l1[1]  0.6089374455506079
l1[-1] 0.9749829429130874
       1.0430952642836488
l2[0]  4.0
l2[1]  2.803386312753805
l2[-1] 2.5622291555440033
       3.076540908793743
p1[0]  0.2
p1[1]  0.09859259776037749
p1[-1] 0.14663246192073737
       0.25
