"C:\Users\alex9\OneDrive - McGill University\Documents\PhD\Courses\ECSE 509\Project\PythonCode\venv\Scripts\python.exe" "C:/Users/alex9/OneDrive - McGill University/Documents/PhD/Courses/ECSE 509/Project/PythonCode/main.py"
Initial parameter set # 0
latent variable z [1. 0. 1. 0. 1. 1. 0. 1. 1. 1. 1. 0. 1. 1. 1. 1. 0. 1. 0. 1.]
observed sample y [1.11492269 1.50577472 0.14934126 1.51995324 0.61153304 0.22057551
 0.98009025 0.45943436 0.01333259 0.40912103 0.32575831 0.628392
 0.15246232 0.02150881 0.05534196 0.33708163 0.13160242 0.72365789
 0.910331   0.85572887]
l1 [0.5        1.05541994 1.28235759 1.44483063 1.55881548 1.63679137
 1.68950971 1.72498924 1.74882905 1.76484055 1.77559385 1.78281633
 1.78766782 1.79092696 1.79311654 1.79458763 1.79557604 1.79624015
 1.79668637 1.7969862  1.79718767 1.79732303 1.79741399 1.79747511
 1.79751618 1.79754377 1.79756232 1.79757477 1.79758315 1.79758877
 1.79759255 1.79759509 1.7975968  1.79759794 1.79759871 1.79759923
 1.79759958 1.79759981 1.79759997 1.79760008 1.79760015 1.79760019
 1.79760023 1.79760025 1.79760026 1.79760027 1.79760028 1.79760028
 1.79760029 1.79760029 1.79760029 1.79760029]
l2 [4.         2.71937199 2.25756161 2.0529745  1.94952279 1.89203376
 1.85793957 1.83683397 1.82339858 1.81468835 1.80897335 1.80519374
 1.80268091 1.80100442 1.79988327 1.79913234 1.79862885 1.79829102
 1.79806424 1.79791195 1.79780967 1.79774097 1.79769481 1.7976638
 1.79764296 1.79762896 1.79761956 1.79761324 1.79760899 1.79760614
 1.79760422 1.79760293 1.79760207 1.79760148 1.79760109 1.79760083
 1.79760065 1.79760054 1.79760046 1.7976004  1.79760037 1.79760034
 1.79760033 1.79760031 1.79760031 1.7976003  1.7976003  1.7976003
 1.7976003  1.79760029 1.79760029 1.79760029]
p1 [0.3        0.32524807 0.33646651 0.33751611 0.33718801 0.33687853
 0.33670424 0.33661755 0.33657643 0.33655734 0.33654858 0.33654458
 0.33654277 0.33654194 0.33654157 0.3365414  0.33654132 0.33654129
 0.33654127 0.33654127 0.33654126 0.33654126 0.33654126 0.33654126
 0.33654126 0.33654126 0.33654126 0.33654126 0.33654126 0.33654126
 0.33654126 0.33654126 0.33654126 0.33654126 0.33654126 0.33654126
 0.33654126 0.33654126 0.33654126 0.33654126 0.33654126 0.33654126
 0.33654126 0.33654126 0.33654126 0.33654126 0.33654126 0.33654126
 0.33654126 0.33654126 0.33654126 0.33654126]
l1[0]  0.5
l1[1]  1.0554199411041836
l1[-1] 1.7976002906518882
       1.0570557064833968
l2[0]  4.0
l2[1]  2.7193719896591984
l2[-1] 1.7976002934120388
       2.568901479452905
p1[0]  0.3
p1[1]  0.32524806968525966
p1[-1] 0.33654126157938324
       0.30000000000000004
Initial parameter set # 1
latent variable z [1. 0. 1. 0. 1. 1. 0. 1. 1. 1. 1. 0. 1. 1. 1. 1. 0. 1. 0. 1.]
observed sample y [1.11492269 1.50577472 0.14934126 1.51995324 0.61153304 0.22057551
 0.98009025 0.45943436 0.01333259 0.40912103 0.32575831 0.628392
 0.15246232 0.02150881 0.05534196 0.33708163 0.13160242 0.72365789
 0.910331   0.85572887]
l1 [0.01       0.83505844 1.15940451 1.37970307 1.52396018 1.61735652
 1.67818891 1.71814182 1.74456228 1.76212171 1.77383299 1.7816627
 1.78690592 1.79042097 1.79277923 1.79436219 1.7954251  1.79613898
 1.7966185  1.79694065 1.79715708 1.79730249 1.79740019 1.79746584
 1.79750995 1.79753959 1.7975595  1.79757289 1.79758188 1.79758792
 1.79759198 1.79759471 1.79759654 1.79759777 1.7975986  1.79759915
 1.79759953 1.79759978 1.79759995 1.79760006 1.79760014 1.79760019
 1.79760022 1.79760025 1.79760026 1.79760027 1.79760028 1.79760028
 1.79760029 1.79760029 1.79760029 1.79760029]
l2 [10.          2.76991551  2.18326275  1.98908524  1.90557407  1.86289283
  1.83868538  1.82407368  1.81491103  1.80902588  1.80518725  1.80265828
  1.80098113  1.79986404  1.79911781  1.79861836  1.79828365  1.79805914
  1.79790846  1.7978073   1.79773936  1.79769372  1.79766306  1.79764247
  1.79762863  1.79761933  1.79761309  1.79760889  1.79760607  1.79760417
  1.7976029   1.79760204  1.79760147  1.79760108  1.79760082  1.79760065
  1.79760053  1.79760045  1.7976004   1.79760037  1.79760034  1.79760033
  1.79760031  1.79760031  1.7976003   1.7976003   1.7976003   1.7976003
  1.79760029  1.79760029  1.79760029  1.79760029]
p1 [0.1        0.23344358 0.2429458  0.24117784 0.23986927 0.23925468
 0.23898269 0.23886296 0.23881001 0.23878647 0.23877595 0.23877124
 0.23876912 0.23876817 0.23876774 0.23876754 0.23876746 0.23876742
 0.2387674  0.23876739 0.23876739 0.23876739 0.23876738 0.23876738
 0.23876738 0.23876738 0.23876738 0.23876738 0.23876738 0.23876738
 0.23876738 0.23876738 0.23876738 0.23876738 0.23876738 0.23876738
 0.23876738 0.23876738 0.23876738 0.23876738 0.23876738 0.23876738
 0.23876738 0.23876738 0.23876738 0.23876738 0.23876738 0.23876738
 0.23876738 0.23876738 0.23876738 0.23876738]
l1[0]  0.01
l1[1]  0.8350584434102448
l1[-1] 1.7976002905163444
       1.0570557064833968
l2[0]  10.0
l2[1]  2.769915512291139
l2[-1] 1.797600293100036
       2.568901479452905
p1[0]  0.1
p1[1]  0.23344358116394429
p1[-1] 0.2387673840085189
       0.30000000000000004
Initial parameter set # 2
latent variable z [1. 0. 1. 0. 1. 1. 0. 1. 1. 1. 1. 0. 1. 1. 1. 1. 0. 1. 0. 1.]
observed sample y [1.11492269 1.50577472 0.14934126 1.51995324 0.61153304 0.22057551
 0.98009025 0.45943436 0.01333259 0.40912103 0.32575831 0.628392
 0.15246232 0.02150881 0.05534196 0.33708163 0.13160242 0.72365789
 0.910331   0.85572887]
l1 [0.1        1.50063091 1.59977923 1.64269115 1.66767787 1.6842823
 1.69613472 1.70495221 1.7116653  1.71683032 1.72081177 1.72387777
 1.72625356 1.7281384  1.72968858 1.73099786 1.73210777 1.73303658
 1.73380009 1.73441779 1.73491153 1.73530287 1.73561133 1.73585358
 1.73604339 1.7361919  1.736308   1.73639872 1.73646959 1.73652494
 1.73656817 1.73660193 1.7366283  1.7366489  1.73666499 1.73667756
 1.73668737 1.73669504 1.73670103 1.73670571 1.73670936 1.73671222
 1.73671445 1.73671619 1.73671755 1.73671862 1.73671945 1.7367201
 1.73672061 1.736721   1.73672131 1.73672155]
l2 [50.         20.22174127 17.63405158 17.05880569 17.28866319 18.0207938
 19.1624328  20.69721061 22.64174389 25.01707367 27.80966599 30.91496078
 34.09335516 37.01178014 39.39207929 41.13837303 42.32377911 43.09232185
 43.58138769 43.89314771 44.09499587 44.22881753 44.31998498 44.38379794
 44.42957268 44.46309564 44.48805759 44.50688483 44.52122241 44.5322186
 44.54069564 44.54725493 44.55234387 44.55629959 44.55937866 44.56177773
 44.5636483  44.56510756 44.56624636 44.56713533 44.56782942 44.56837143
 44.56879473 44.56912535 44.56938359 44.56958532 44.56974289 44.56986599
 44.56996215 44.57003728 44.57009597 44.57014182]
p1 [0.6        0.82155454 0.878973   0.90464189 0.92000848 0.9304623
 0.93807367 0.94383335 0.94828507 0.95175716 0.95446515 0.95656643
 0.95819321 0.95946595 0.96048585 0.96132177 0.96201203 0.96257841
 0.96303765 0.96340574 0.96369812 0.96392888 0.96411024 0.96425238
 0.96436361 0.96445055 0.96451847 0.96457152 0.96461295 0.9646453
 0.96467056 0.96469029 0.9647057  0.96471773 0.96472713 0.96473447
 0.96474021 0.96474468 0.96474818 0.96475092 0.96475305 0.96475472
 0.96475602 0.96475704 0.96475784 0.96475846 0.96475894 0.96475932
 0.96475962 0.96475985 0.96476003 0.96476017]
l1[0]  0.1
l1[1]  1.5006309072881505
l1[-1] 1.7367215531178295
       1.0570557064833968
l2[0]  50.0
l2[1]  20.221741271537535
l2[-1] 44.57014181584588
       2.568901479452905
p1[0]  0.6
p1[1]  0.8215545430351496
p1[-1] 0.9647601718131474
       0.30000000000000004
